   -2.5000000000     0.0301588079    -0.0289481439     0.5585898958
   -7.5000000000     0.0077430869    -0.0190622810     0.5585909743
  -12.5000000000     0.0050018816    -0.0130440714     0.5585913245
  -17.5000000000     0.0038832800    -0.0088486160     0.5585914619
  -22.5000000000     0.0032547971    -0.0060286637     0.5585913971
  -27.5000000000     0.0033182695    -0.0034632592     0.5585908115
  -32.5000000000     0.0039990513    -0.0016718687     0.5585852203
  -37.5000000000     0.0017363579    -0.0010305078     0.5585283197
  -42.5000000000     0.0010341688    -0.0006562331     0.5584214838
  -47.5000000000     0.0012426829    -0.0013433739     0.5583179942
  -52.5000000000     0.0006009681    -0.0009088255     0.5582244836
  -57.5000000000     0.0006503041    -0.0009510372     0.5581257055
